spawns:
  default:
    world: 2bac0836-4cc6-43c5-b730-172fe8cfe867
    world-name: lobby
    x: -190.7305459808696
    y: 43.0
    z: 175.6151051261222
    yaw: 123.7763671875
    pitch: 69.58414459228516
